999098,
995962,
989506,
987668,
983041,
982181,
981097,
979568,
979000,
978401,
977563,
977517,
974186,
972740,
972351,
971913,
968499,
966034,
965352,
962826,
960302,
959154,
958165,
957929,
954727,
953891,
953136,
952216,
951670,
951269,
950977,
948006,
947367,
946726,
944681,
942376,
939115,
939074,
937065,
936144,
935552,
932987,
927620,
926173,
924890,
924592,
922800,
921531,
917969,
915303,
908720,
903770,
903115,
902718,
896669,
895182,
892722,
889311,
886424,
886261,
884305,
882242,
878010,
877159,
873973,
867933,
866016,
858993,
855297,
851396,
850686,
849490,
845709,
843946,
843798,
843036,
840977,
840800,
840117,
839716,
839700,
834955,
833423,
832422,
830659,
828866,
828274,
824939,
824769,
821669,
819089,
817835,
815334,
814370,
813867,
806893,
800217,
795667,
795037,
794765,
794310,
793761,
786805,
786454,
776891,
776550,
773244,
769076,
767710,
767639,
767307,
764053,
761716,
759387,
759342,
758501,
755058,
749853,
748668,
748640,
745226,
743303,
742626,
740911,
740046,
739237,
738697,
738531,
730619,
721590,
720419,
718773,
718462,
718347,
716524,
715602,
715443,
714549,
712589,
712036,
711906,
709952,
704735,
703607,
701453,
699529,
698105,
695262,
694472,
693764,
689918,
689636,
688526,
687902,
685388,
684396,
676308,
674478,
673700,
671849,
663876,
663242,
663185,
662355,
657837,
655382,
655296,
654690,
649885,
647537,
646779,
646287,
644404,
641536,
639494,
637943,
635484,
631208,
631192,
629760,
627381,
622963,
622742,
622326,
620061,
619367,
619149,
603719,
599543,
595562,
593570,
591263,
589306,
587239,
585366,
585099,
585037,
582641,
580664,
579987,
579065,
578513,
573853,
572118,
569579,
569357,
567258,
557865,
557379,
555631,
554083,
553469,
553356,
551673,
548821,
546883,
546882,
545387,
544704,
544230,
540952,
539271,
537857,
534478,
530887,
528176,
527604,
526192,
524915,
524235,
521732,
521090,
515197,
513071,
510779,
509768,
508783,
505337,
504130,
500144,
498625,
498006,
497508,
496310,
496120,
495527,
494925,
491962,
490593,
490466,
490377,
489484,
487707,
487525,
485691,
482424,
482223,
482112,
481629,
481063,
480315,
478158,
475916,
469434,
467884,
464162,
459526,
458614,
457871,
457267,
457262,
452325,
449710,
445855,
444430,
443544,
442518,
442011,
442001,
440727,
437439,
435817,
435787,
433422,
432639,
428906,
428690,
424860,
423803,
421137,
419795,
419735,
408970,
408922,
406871,
401682,
400399,
399082,
396593,
395929,
395473,
392394,
390799,
383511,
382426,
381202,
380635,
379272,
376113,
373677,
372970,
371292,
371243,
368280,
366025,
364669,
364577,
361410,
361398,
360805,
359813,
359544,
358064,
355804,
355217,
354293,
353408,
347390,
347075,
344862,
342771,
342572,
342088,
341669,
339466,
333340,
333088,
331748,
328685,
324144,
323993,
323871,
321338,
316319,
306583,
305802,
304178,
303806,
303417,
302501,
300322,
298142,
297885,
291071,
285421,
282744,
281599,
281068,
281024,
279941,
275105,
274501,
265018,
262072,
258574,
254767,
252641,
251015,
247116,
245781,
245258,
242244,
242120,
241462,
240603,
240516,
237098,
235870,
235450,
234741,
234511,
232590,
231406,
225330,
224991,
222482,
221731,
219580,
218470,
216944,
211125,
207044,
206787,
205736,
202272,
198743,
197323,
197010,
196764,
193910,
192638,
192264,
189789,
186094,
185159,
183559,
182821,
177927,
173558,
170255,
169082,
168991,
168687,
168591,
164276,
163389,
158819,
158812,
156981,
156677,
154895,
152667,
150136,
148940,
148399,
146424,
143680,
139421,
139336,
139192,
136071,
133099,
128140,
127804,
125890,
125252,
122170,
121856,
119661,
117800,
114284,
108744,
105989,
104536,
104321,
100526,
95170,
94819,
93733,
92763,
91744,
90416,
88102,
87417,
85943,
85432,
84665,
83278,
83060,
82476,
81010,
75826,
73119,
70023,
66137,
63653,
61556,
61196,
60353,
56455,
55573,
51387,
45515,
43346,
40297,
38022,
37687,
36913,
36245,
33152,
32361,
31739,
30456,
30303,
30239,
27963,
27010,
24961,
23505,
21158,
21038,
19639,
17600,
17420,
11798,
10909,
6482,
5851,
3189,
2390,
